set up: 40, 28, 80, 9

----------
TextTiling
pychology: (0.16666666666666666, 0.5, 0.25)
econ: (0.42857142857142855, 0.75, 0.5454545454545454)
biology: (0.2, 1.0, 0.33333333)


--------
Cue result
Biology
0 (0.2, 1.0, 0.33333333333333337)
0.1 (0.2, 1.0, 0.33333333333333337)
0.2 (0.2222222222222222, 1.0, 0.3636363636363636)
0.3 (0.25, 1.0, 0.4)
Filter (0.25, 1.0, 0.4)

Psychology
0 (0.18181818181818182, 0.5, 0.26666666666666666)
0.1 (0.2, 0.5, 0.28571428571428575)
0.2 (0.2, 0.5, 0.28571428571428575)
0.3 (0.2, 0.5, 0.28571428571428575)
Filter (0.0, 0.0, 0)

Econ lec1
(0.42857142857142855, 0.75, 0.5454545454545454)
(0.42857142857142855, 0.75, 0.5454545454545454)
(0.3333333333333333, 0.5, 0.4)
(0.4, 0.5, 0.4444444444444445)
(0.5, 0.5, 0.5)


--------
np result
Biology
0, 0.2, 1.0, 0.33333333333333337)
0.1, 0.2, 1.0, 0.33333333333333337)
0.2, 0.2, 1.0, 0.33333333333333337)
0.3, 0.2, 1.0, 0.33333333333333337)
0.4, 0.2, 1.0, 0.33333333333333337)
0.5, 0.2222222222222222, 1.0, 0.3636363636363636)
0.6, 0.2, 1.0, 0.33333333333333337)
0.7, 0.2, 1.0, 0.33333333333333337)
0.8, 0.18181818181818182, 1.0, 0.3076923076923077)
0.9, 0.2222222222222222, 1.0, 0.3636363636363636)
1.0, 0.0, 0.0, 0)

Psychology
0, 0.16666666666666666, 0.5, 0.25)
0.1, 0.16666666666666666, 0.5, 0.25)
0.2, 0.16666666666666666, 0.5, 0.25)
0.3, 0.16666666666666666, 0.5, 0.25)
0.4, 0.18181818181818182, 0.5, 0.26666666666666666)
0.5, 0.18181818181818182, 0.5, 0.26666666666666666)
0.6, 0.2, 0.5, 0.28571428571428575)
0.7, 0.2, 0.5, 0.28571428571428575)
0.8, 0.2857142857142857, 0.5, 0.36363636363636365)
0.9, 0.14285714285714285, 0.25, 0.18181818181818182)
1.0, 0.0, 0.0, 0)

Econ lec1
0, 0.42857142857142855, 0.75, 0.5454545454545454)
0.1, 0.42857142857142855, 0.75, 0.5454545454545454)
0.2, 0.42857142857142855, 0.75, 0.5454545454545454)
0.3, 0.42857142857142855, 0.75, 0.5454545454545454)
0.4, 0.42857142857142855, 0.75, 0.5454545454545454)
0.5, 0.42857142857142855, 0.75, 0.5454545454545454)
0.6, 0.3333333333333333, 0.5, 0.4)
0.7, 0.3333333333333333, 0.5, 0.4)
0.8, 0.3333333333333333, 0.5, 0.4)
0.9, 0.2, 0.25, 0.22222222222222224)
1.0, 0.0, 0.0, 0)


--------
verb results
Biology
0, 0.2, 1.0, 0.33333333333333337)
0.1, 0.18181818181818182, 1.0, 0.3076923076923077)
0.2, 0.18181818181818182, 1.0, 0.3076923076923077)
0.3, 0.18181818181818182, 1.0, 0.3076923076923077)
0.4, 0.18181818181818182, 1.0, 0.3076923076923077)
0.5, 0.18181818181818182, 1.0, 0.3076923076923077)
0.6, 0.18181818181818182, 1.0, 0.3076923076923077)
0.7, 0.1, 0.5, 0.16666666666666669)
0.8, 0.1111111111111111, 0.5, 0.1818181818181818)
0.9, 0.1, 0.5, 0.16666666666666669)
1.0, 0.0, 0.0, 0)

Psychology
0, 0.18181818181818182, 0.5, 0.26666666666666666)
0.1, 0.2, 0.5, 0.28571428571428575)
0.2, 0.2, 0.5, 0.28571428571428575)
0.3, 0.2, 0.5, 0.28571428571428575)
0.4, 0.1, 0.25, 0.14285714285714288)
0.5, 0.08333333333333333, 0.25, 0.125)
0.6, 0.08333333333333333, 0.25, 0.125)
0.7, 0.08333333333333333, 0.25, 0.125)
0.8, 0.0, 0.0, 0)
0.9, 0.0, 0.0, 0)
1.0, 0.0, 0.0, 0)


Econ
0, 0.42857142857142855, 0.75, 0.5454545454545454)
0.1, 0.42857142857142855, 0.75, 0.5454545454545454)
0.2, 0.42857142857142855, 0.75, 0.5454545454545454)
0.3, 0.14285714285714285, 0.25, 0.18181818181818182)
0.4, 0.14285714285714285, 0.25, 0.18181818181818182)
0.5, 0.14285714285714285, 0.25, 0.18181818181818182)
0.6, 0.14285714285714285, 0.25, 0.18181818181818182)
0.7, 0.14285714285714285, 0.25, 0.18181818181818182)
0.8, 0.0, 0.0, 0)
0.9, 0.0, 0.0, 0)
1.0, 0.0, 0.0, 0)

-----
ngram

Biology
(0.0, 0.0, 0)

Psychology
(0.09090909090909091, 0.25, 0.13333333333333333)

ECON
(0.2857142857142857, 0.5, 0.36363636363636365)


-----
ECON all results
MIT_lec_1.train
(0.42857142857142855, 0.75, 0.5454545454545454)
MIT_lec_2.train
(0.3, 0.5, 0.37499999999999994)
MIT_lec_3.train
(0.2, 1.0, 0.33333333333333337)
MIT_lec_4.train
(0.14285714285714285, 0.3333333333333333, 0.2)
MIT_lec_5.train
(0.2222222222222222, 0.4, 0.2857142857142857)
MIT_lec_18.train
(0.3, 1.0, 0.4615384615384615)
MIT_lec_19.train
(0.14285714285714285, 0.25, 0.18181818181818182)
MIT_lec_20.train
(0.25, 0.6666666666666666, 0.36363636363636365)
MIT_lec_21.train
(0.25, 0.4, 0.3076923076923077)
MIT_lec_22.train
(0.16666666666666666, 0.5, 0.25)
MIT_lec_23.train
(0.125, 0.3333333333333333, 0.18181818181818182)
MIT_lec_24.train
(0.5, 0.8, 0.6153846153846154)
MIT_lec_25.train
(0.2, 0.5, 0.28571428571428575)
MIT_lec_26.train
(0.0, 0.0, 0)


-----
PSYCH results
Psych_2.train
(0.15789473684210525, 0.75, 0.2608695652173913)
Psych_3.train
(0.08333333333333333, 0.3333333333333333, 0.13333333333333333)
Psych_4.train
(0.25, 1.0, 0.4)
Psych_5.train
(0.2222222222222222, 0.4, 0.2857142857142857)
Psych_6.train
(0.5, 0.5714285714285714, 0.5333333333333333)


-----
baseline

Econ
(0.09450000000000058, 0.117, 0.10450000000000055)
Psych
(0.07085000000000026, 0.0875, 0.07825000000000007)
Biology
(0.04233333333333336, 0.0635, 0.05079999999999989)