data/Microeconomics/Microecon_1.train
(0.10305000000000075, 0.12725, 0.1138055555555562)
data/Microeconomics/Microecon_2.train
(0.1019, 0.11750000000000044, 0.10909440559440645)
data/Microeconomics/Microecon_3.train
(0.046166666666666724, 0.0685, 0.05509999999999988)
data/Microeconomics/Microecon_4.train
(0.06191666666666667, 0.08199999999999995, 0.0705238095238095)
data/Microeconomics/Microecon_5.train
(0.08543333333333351, 0.10140000000000074, 0.09269090909090953)
data/Microeconomics/Microecon_18.train
(0.05633333333333333, 0.07500000000000004, 0.0643333333333332)
data/Microeconomics/Microecon_19.train
(0.08723333333333388, 0.10775, 0.09634126984127032)
data/Microeconomics/Microecon_20.train
(0.0625, 0.08266666666666656, 0.07114285714285716)
data/Microeconomics/Microecon_21.train
(0.09570000000000027, 0.11360000000000085, 0.10383636363636418)
data/Microeconomics/Microecon_22.train
(0.08000000000000047, 0.099, 0.08844444444444476)
data/Microeconomics/Microecon_23.train
(0.054500000000000104, 0.054000000000000103, 0.0542000000000001)
data/Microeconomics/Microecon_24.train
(0.09150000000000022, 0.10840000000000083, 0.0991818181818187)
data/Microeconomics/Microecon_25.train
(0.0664000000000003, 0.08225, 0.07344444444444446)
data/Microeconomics/Microecon_26.train
(0.06591666666666667, 0.08633333333333323, 0.07466666666666671)


data/Psychology/Psych_1.train
(0.07310000000000037, 0.091, 0.0810555555555557)
data/Psychology/Psych_2.train
(0.048100000000000115, 0.05975, 0.05327777777777763)
data/Psychology/Psych_3.train
(0.048, 0.0636666666666668, 0.05471428571428562)
data/Psychology/Psych_4.train
(0.03960000000000002, 0.04925, 0.04388888888888877)
data/Psychology/Psych_5.train
(0.10081666666666697, 0.11880000000000092, 0.10898585858585914)
data/Psychology/Psych_6.train
(0.0943452380952381, 0.10628571428571443, 0.09990549450549505)
data/Psychology/Psych_7.train
(0.0953666666666669, 0.11320000000000091, 0.1034727272727278)
data/Psychology/Psych_8.train
(0.07880000000000008, 0.09380000000000062, 0.0856181818181821)
data/Psychology/Psych_9.train
(0.06815000000000031, 0.08475, 0.07552777777777786)
data/Psychology/Psych_10.train
(0.04791666666666667, 0.06366666666666682, 0.05466666666666657)
data/Psychology/Psych_11.train
(0.026833333333333303, 0.04, 0.032099999999999955)
data/Psychology/Psych_12.train
(0.04716666666666666, 0.06266666666666679, 0.0538095238095237)
data/Psychology/Psych_13.train
(0.040916666666666664, 0.05400000000000009, 0.046523809523809447)
data/Psychology/Psych_14.train
(0.05506666666666651, 0.06560000000000032, 0.059854545454545355)
data/Psychology/Psych_15.train
(0.06080000000000025, 0.0755, 0.06733333333333322)
data/Psychology/Psych_16.train
(0.040333333333333325, 0.040333333333333325, 0.040333333333333325)
data/Psychology/Psych_17.train
(0.11335000000000053, 0.13380000000000083, 0.12264040404040487)
data/Psychology/Psych_18.train
(0.09169841269841358, 0.102125, 0.09660392156862804)
data/Psychology/Psych_19.train
(0.049300000000000135, 0.06125, 0.05461111111111096)
data/Psychology/Psych_20.train
(0.07700000000000046, 0.09575, 0.0853333333333336)
data/Psychology/Psych_21.train
(0.0731666666666667, 0.08700000000000055, 0.07945454545454579)
data/Psychology/Psych_22.train
(0.06086666666666645, 0.07280000000000039, 0.06629090909090901)
data/Psychology/Psych_23.train
(0.049416666666666664, 0.04925, 0.04932142857142857)
data/Psychology/Psych_24.train
(0.03933333333333334, 0.059, 0.047199999999999895)

data/Engineering_Dynamics/EngDyn_1.train
(0.019, 0.02533333333333331, 0.02171428571428571)
data/Engineering_Dynamics/EngDyn_2.train
(0.019899999999999966, 0.02475, 0.022055555555555512)
data/Engineering_Dynamics/EngDyn_3
(0.01366666666666667, 0.0205, 0.016400000000000005)
data/Engineering_Dynamics/EngDyn_4
(0.02749999999999994, 0.03425, 0.030499999999999926)
data/Engineering_Dynamics/EngDyn_5
(0.02225, 0.029666666666666626, 0.02542857142857141)
data/Engineering_Dynamics/EngDyn_6
(0.02123333333333334, 0.025399999999999947, 0.023127272727272767)
data/Engineering_Dynamics/EngDyn_7
(0.021666666666666633, 0.0251666666666667, 0.02328205128205124)
data/Engineering_Dynamics/EngDyn_8
(0.018449999999999966, 0.018399999999999965, 0.018422222222222194)
data/Engineering_Dynamics/EngDyn_9
(0.03633333333333332, 0.054, 0.04339999999999991)
data/Engineering_Dynamics/EngDyn_10
(0.029233333333333396, 0.034999999999999955, 0.031854545454545566)
data/Engineering_Dynamics/EngDyn_11
(0.0265, 0.035333333333333314, 0.030285714285714263)
data/Engineering_Dynamics/EngDyn_12
(0.019299999999999973, 0.024, 0.02138888888888885)
data/Engineering_Dynamics/EngDyn_13
(0.01766666666666667, 0.0265, 0.02119999999999999)
data/Engineering_Dynamics/EngDyn_14
(0.024999999999999988, 0.0375, 0.029999999999999964)
data/Engineering_Dynamics/EngDyn_15
(0.021666666666666657, 0.0325, 0.025999999999999975)
data/Engineering_Dynamics/EngDyn_16
(0.02666666666666665, 0.0395, 0.03179999999999996)
data/Engineering_Dynamics/EngDyn_17
(0.013083333333333334, 0.017333333333333336, 0.014904761904761919)
data/Engineering_Dynamics/EngDyn_18
(0.023533333333333357, 0.028199999999999937, 0.025654545454545517)