eng verb
1: (0.041666666666666664, 0.3333333333333333, 0.07407407407407407)
2: (0.07407407407407407, 0.5, 0.12903225806451613)
3: (0.038461538461538464, 0.5, 0.07142857142857144)
4: (0.05263157894736842, 0.25, 0.08695652173913043)
5: (0.1111111111111111, 0.6666666666666666, 0.1904761904761905)
6: (0.029411764705882353, 0.2, 0.05128205128205128)
7: (0.10869565217391304, 0.8333333333333334, 0.1923076923076923)
8: (0.08695652173913043, 0.8, 0.1568627450980392)
9: (0.0, 0.0, 0)
10: (0.0, 0.0, 0)
11: (0.0, 0.0, 0)
12: (0.05714285714285714, 0.5, 0.10256410256410256)
13: (0.0, 0.0, 0)
14: (0.0, 0.0, 0)
15: (0.0, 0.0, 0)
16: (0.07692307692307693, 0.5, 0.13333333333333336)
17: (0.08, 0.6666666666666666, 0.14285714285714285)
18: (0.06896551724137931, 0.4, 0.1176470588235294)

eng ngram
1: (0.0, 0.0, 0)
2: (0.07407407407407407, 0.5, 0.12903225806451613)
3: (0.08, 1.0, 0.14814814814814814)
4: (0.07692307692307693, 0.5, 0.13333333333333336)
5: (0.09523809523809523, 0.6666666666666666, 0.16666666666666666)
6: (0.020833333333333332, 0.2, 0.03773584905660377)
7: (0.08163265306122448, 0.6666666666666666, 0.14545454545454545)
8: (0.07692307692307693, 0.6, 0.13636363636363635)
9: (0.0, 0.0, 0)
10: (0.027777777777777776, 0.2, 0.048780487804878044)
11: (0.0, 0.0, 0)
12: (0.0, 0.0, 0)
13: (0.0, 0.0, 0)
14: (0.0, 0.0, 0)
15: (0.0, 0.0, 0)
16: (0.0, 0.0, 0)
17: (0.05405405405405406, 0.6666666666666666, 0.1)
18: (0.05555555555555555, 0.4, 0.09756097560975609)

