econ
18: (0.2, 0.6666666666666666, 0.30769230769230765)
19: (0.16666666666666666, 0.25, 0.2)
20: (0.1111111111111111, 0.3333333333333333, 0.16666666666666666)
21: (0.1, 0.2, 0.13333333333333333)
22: (0.08333333333333333, 0.25, 0.125)
23: (0.09090909090909091, 0.3333333333333333, 0.14285714285714288)
24: (0.2, 0.4, 0.26666666666666666)
25: (0.18181818181818182, 0.5, 0.26666666666666666)
26: (0.16666666666666666, 0.3333333333333333, 0.2222222222222222)

psy
1: (0.08333333333333333, 0.25, 0.125)
2: (0.0, 0.0, 0)
3: (0.0, 0.0, 0)
4: (0.1875, 0.75, 0.3)
5: (0.14285714285714285, 0.2, 0.16666666666666666)
6: (0.0, 0.0, 0)
7: (0.3333333333333333, 0.6, 0.42857142857142855)
8: (0.07142857142857142, 0.2, 0.10526315789473682)
9: (0.0, 0.0, 0)
10: (0.0, 0.0, 0)
11: (0.0, 0.0, 0)
12: (0.1, 0.3333333333333333, 0.15384615384615383)
13: (0.13333333333333333, 0.6666666666666666, 0.2222222222222222)
14: (0.23529411764705882, 0.8, 0.3636363636363636)
15: (0.07142857142857142, 0.25, 0.11111111111111112)
16: (0.13333333333333333, 0.6666666666666666, 0.2222222222222222)
17: (0.14285714285714285, 0.2, 0.16666666666666666)
18: (0.2777777777777778, 0.625, 0.3846153846153846)
19: (0.0, 0.0, 0)
20: (0.09090909090909091, 0.25, 0.13333333333333333)
21: (0.0, 0.0, 0)
22: (0.14285714285714285, 0.4, 0.21052631578947364)
23: (0.07692307692307693, 0.25, 0.11764705882352941)
24: (0.0, 0.0, 0)